3,	0.001752,	0.001833,	0.001615,	0.001399,	0.001661,	0.001576,	0.001464,	0.001036,	0.001055,	0.000974,	0.000961,	0.000966,	0.000971,	0.000962,	0.001247,	0.000971,	0.000957,	0.000953,	0.000955,	0.000933,	0.000986,	0.000951,	0.000940,	0.000940,	0.000917,	0.000900,	0.000847,	0.000841,	0.000840,	0.000874,	0.000888,	0.001119,	0.001214,	0.001001,	0.000769,	0.000793,	0.000828,	0.000839,	0.000685,	0.000548,	0.000543,	0.000548,	0.000546,	0.000548,	0.000543
4,	0.000592,	0.000599,	0.000585,	0.000584,	0.000676,	0.000588,	0.000595,	0.000586,	0.000592,	0.000806,	0.000795,	0.000785,	0.000824,	0.000595,	0.000580,	0.000605,	0.000583,	0.000583,	0.000597,	0.000579,	0.000582,	0.000579,	0.000578,	0.000582,	0.000580,	0.000587,	0.000581,	0.000595,	0.000577,	0.000577,	0.000582,	0.000585,	0.000594,	0.000587,	0.000706,	0.000701,	0.000585,	0.000577,	0.000594,	0.000582,	0.000826,	0.000831,	0.000799,	0.000744,	0.000595
5,	0.000598,	0.000608,	0.000609,	0.000616,	0.000610,	0.000635,	0.000613,	0.000608,	0.000620,	0.000599,	0.000596,	0.000641,	0.000601,	0.000605,	0.000605,	0.000609,	0.000805,	0.000651,	0.000603,	0.000601,	0.000613,	0.000606,	0.000602,	0.000600,	0.000614,	0.000598,	0.000598,	0.000595,	0.000594,	0.000596,	0.000612,	0.000603,	0.000596,	0.000598,	0.000615,	0.000602,	0.000598,	0.000609,	0.000598,	0.000597,	0.000600,	0.000602,	0.000648,	0.000791,	0.000607
6,	0.000607,	0.000616,	0.000607,	0.000853,	0.000904,	0.000845,	0.000862,	0.000635,	0.000618,	0.000626,	0.000608,	0.000612,	0.000607,	0.000612,	0.000612,	0.000622,	0.000624,	0.000609,	0.000613,	0.000611,	0.000615,	0.000825,	0.000648,	0.000614,	0.000616,	0.000613,	0.000611,	0.000609,	0.000616,	0.000615,	0.000612,	0.000611,	0.000611,	0.000610,	0.000613,	0.000630,	0.000608,	0.000609,	0.000609,	0.000610,	0.000608,	0.000635,	0.000606,	0.000608,	0.000603
7,	0.000615,	0.000626,	0.000630,	0.000625,	0.000832,	0.000640,	0.000632,	0.000634,	0.000644,	0.000627,	0.000620,	0.000890,	0.000874,	0.000890,	0.000730,	0.000650,	0.000627,	0.000629,	0.000716,	0.000890,	0.000883,	0.000855,	0.000888,	0.000916,	0.000870,	0.000888,	0.000781,	0.000774,	0.000870,	0.000797,	0.000691,	0.000713,	0.000643,	0.000650,	0.000655,	0.000626,	0.000619,	0.000619,	0.000617,	0.000625,	0.000654,	0.000633,	0.000619,	0.000618,	0.000625
8,	0.000631,	0.000650,	0.000634,	0.000639,	0.000731,	0.000789,	0.000650,	0.000672,	0.000648,	0.000651,	0.000641,	0.000665,	0.000916,	0.000885,	0.000909,	0.000718,	0.000696,	0.000639,	0.000632,	0.000613,	0.000616,	0.000660,	0.000627,	0.000612,	0.000636,	0.000616,	0.000617,	0.000616,	0.000621,	0.000726,	0.000638,	0.000616,	0.000614,	0.000613,	0.000613,	0.000610,	0.000611,	0.000653,	0.000611,	0.000618,	0.000618,	0.000616,	0.000621,	0.000626,	0.000609
9,	0.000631,	0.000627,	0.000628,	0.000632,	0.000639,	0.000621,	0.000621,	0.000625,	0.000627,	0.000653,	0.000748,	0.000628,	0.000623,	0.000619,	0.000621,	0.000624,	0.000618,	0.000640,	0.000647,	0.000618,	0.000623,	0.000619,	0.000723,	0.000734,	0.000618,	0.000616,	0.000620,	0.000740,	0.000669,	0.000652,	0.000639,	0.000639,	0.000685,	0.000674,	0.000772,	0.000903,	0.000664,	0.000661,	0.000643,	0.000640,	0.000659,	0.000670,	0.000640,	0.000637,	0.000637
10,	0.000648,	0.000927,	0.000820,	0.000809,	0.000780,	0.000678,	0.000764,	0.000892,	0.000670,	0.000702,	0.000659,	0.000763,	0.000891,	0.000695,	0.000648,	0.000646,	0.000641,	0.000682,	0.000645,	0.000647,	0.000648,	0.000918,	0.000918,	0.000913,	0.000903,	0.000666,	0.000646,	0.000673,	0.000705,	0.000668,	0.000661,	0.000643,	0.000654,	0.000672,	0.000646,	0.000862,	0.000664,	0.000643,	0.000643,	0.000669,	0.000645,	0.000642,	0.000644,	0.000641,	0.000640
11,	0.000667,	0.000665,	0.000653,	0.000654,	0.000659,	0.000656,	0.000674,	0.000652,	0.000676,	0.000658,	0.000656,	0.000658,	0.000671,	0.000658,	0.000664,	0.000698,	0.000848,	0.000673,	0.000664,	0.000665,	0.000659,	0.000660,	0.000662,	0.000676,	0.000656,	0.000941,	0.000912,	0.000930,	0.000717,	0.000686,	0.000668,	0.000692,	0.000674,	0.000696,	0.000994,	0.000934,	0.000931,	0.000977,	0.000954,	0.000932,	0.000664,	0.000668,	0.000783,	0.000727,	0.000761
12,	0.000657,	0.000652,	0.000648,	0.000671,	0.000654,	0.000648,	0.000658,	0.000783,	0.000681,	0.000708,	0.000642,	0.000642,	0.000713,	0.000698,	0.000758,	0.000925,	0.000751,	0.000689,	0.000670,	0.000674,	0.000700,	0.000668,	0.000682,	0.000658,	0.000655,	0.000940,	0.000937,	0.000935,	0.000915,	0.000799,	0.000776,	0.000675,	0.000686,	0.000674,	0.000746,	0.000665,	0.000910,	0.000818,	0.000664,	0.000665,	0.000657,	0.000679,	0.000695,	0.000663,	0.000657
13,	0.000654,	0.000662,	0.000673,	0.000664,	0.000662,	0.000659,	0.000659,	0.000698,	0.000763,	0.000649,	0.000645,	0.000649,	0.000648,	0.000715,	0.000671,	0.000681,	0.000689,	0.000717,	0.000645,	0.000648,	0.000667,	0.000650,	0.000682,	0.000640,	0.000639,	0.000644,	0.000650,	0.000639,	0.000640,	0.000637,	0.000646,	0.000648,	0.000739,	0.000855,	0.000654,	0.000653,	0.000798,	0.001023,	0.000995,	0.000936,	0.000974,	0.001032,	0.000850,	0.000899,	0.000916
14,	0.000903,	0.000806,	0.000696,	0.000678,	0.000674,	0.000666,	0.000691,	0.000794,	0.000835,	0.000673,	0.000669,	0.000686,	0.000740,	0.000696,	0.000866,	0.000873,	0.000746,	0.000666,	0.000666,	0.000702,	0.000663,	0.000662,	0.000674,	0.000663,	0.000661,	0.000663,	0.000659,	0.000969,	0.000926,	0.000918,	0.000909,	0.000870,	0.000693,	0.000677,	0.000744,	0.000703,	0.000865,	0.000922,	0.000674,	0.000913,	0.000962,	0.000916,	0.000848,	0.000905,	0.000922
15,	0.000840,	0.000704,	0.000676,	0.000675,	0.000684,	0.000795,	0.000673,	0.000685,	0.000693,	0.000685,	0.000721,	0.000715,	0.000926,	0.000812,	0.000676,	0.000670,	0.000668,	0.000699,	0.000683,	0.000666,	0.000669,	0.000669,	0.000666,	0.000683,	0.000665,	0.000661,	0.000664,	0.000951,	0.000910,	0.000939,	0.000932,	0.000911,	0.000700,	0.000875,	0.000895,	0.000695,	0.000673,	0.000670,	0.000710,	0.000951,	0.000913,	0.000932,	0.000839,	0.000942,	0.000925
16,	0.000860,	0.000812,	0.000907,	0.000764,	0.000742,	0.000745,	0.000811,	0.000802,	0.000885,	0.001043,	0.000749,	0.000757,	0.000760,	0.000771,	0.000738,	0.000735,	0.000733,	0.000754,	0.000740,	0.000739,	0.000740,	0.000742,	0.000748,	0.000914,	0.001082,	0.001050,	0.001095,	0.001021,	0.000844,	0.001068,	0.000792,	0.000761,	0.000755,	0.001102,	0.001029,	0.001152,	0.000960,	0.001104,	0.001085,	0.000754,	0.000911,	0.000735,	0.000730,	0.000740,	0.000784
17,	0.000799,	0.000795,	0.000779,	0.000829,	0.000733,	0.000734,	0.000757,	0.000720,	0.000716,	0.000745,	0.000712,	0.000719,	0.000723,	0.000717,	0.000742,	0.000723,	0.000721,	0.000921,	0.000726,	0.000739,	0.000717,	0.000720,	0.000792,	0.000984,	0.000770,	0.000828,	0.000854,	0.000750,	0.000725,	0.000778,	0.000730,	0.000722,	0.001019,	0.001048,	0.001085,	0.001044,	0.001068,	0.000940,	0.000765,	0.000740,	0.000822,	0.000835,	0.000843,	0.000840,	0.000723
18,	0.000729,	0.000767,	0.000725,	0.000744,	0.000728,	0.000738,	0.000723,	0.000727,	0.000761,	0.000730,	0.000729,	0.000728,	0.000794,	0.000862,	0.000726,	0.000744,	0.000735,	0.000826,	0.000774,	0.000770,	0.000732,	0.000984,	0.000747,	0.000858,	0.000751,	0.000728,	0.000727,	0.000737,	0.000745,	0.000757,	0.000728,	0.000723,	0.000720,	0.000718,	0.000882,	0.000728,	0.000725,	0.000723,	0.000773,	0.000790,	0.000799,	0.000866,	0.000739,	0.000727,	0.000933
19,	0.001076,	0.001065,	0.001056,	0.001094,	0.000897,	0.000764,	0.000739,	0.000747,	0.000854,	0.000786,	0.000759,	0.000746,	0.000741,	0.000841,	0.001137,	0.001104,	0.001120,	0.001061,	0.001073,	0.000769,	0.000776,	0.000757,	0.000753,	0.000752,	0.000747,	0.000748,	0.000769,	0.000812,	0.000861,	0.000744,	0.000742,	0.000759,	0.000833,	0.000985,	0.000950,	0.000791,	0.000756,	0.000751,	0.000783,	0.000820,	0.001111,	0.000883,	0.000814,	0.000760,	0.000915
20,	0.000815,	0.000772,	0.000898,	0.000786,	0.000776,	0.000761,	0.000821,	0.000830,	0.000941,	0.001094,	0.001144,	0.001090,	0.001091,	0.000823,	0.000759,	0.000756,	0.000772,	0.000775,	0.000793,	0.000762,	0.000754,	0.000894,	0.000810,	0.000769,	0.000754,	0.000806,	0.000798,	0.001007,	0.000962,	0.000768,	0.000765,	0.000761,	0.000818,	0.000969,	0.001058,	0.000826,	0.001020,	0.001098,	0.000936,	0.000751,	0.000909,	0.000759,	0.000746,	0.000747,	0.000802
