3,	0.7390953150,	0.6756982573,	0.6968684243
4,	0.5426762762,	0.5330277546,	0.5196175537
5,	0.3142579069,	0.3216494127,	0.3087206501
6,	0.1823148215,	0.1884458010,	0.1846664283
7,	0.1075077275,	0.1122409058,	0.1128213611
8,	0.0619524598,	0.0654607749,	0.0692599163
9,	0.0352622749,	0.0376159210,	0.0426529271
10,	0.0199469110,	0.0211086269,	0.0264051476
11,	0.0111322621,	0.0116795416,	0.0162517403
12,	0.0061503422,	0.0065151958,	0.0099774393
13,	0.0034040192,	0.0035586355,	0.0061063766
14,	0.0018348389,	0.0019741951,	0.0036732554
15,	0.0010016802,	0.0010789632,	0.0022420427
16,	0.0005346863,	0.0005963897,	0.0013857355
17,	0.0002777660,	0.0003199226,	0.0008622528
18,	0.0001448100,	0.0001763716,	0.0005409643
19,	0.0000717106,	0.0000945561,	0.0003440665
20,	0.0000420640,	0.0000467403,	0.0002160801
