1	0.600478	1.000000
2	0.600478	1.000000
3	0.600478	0.666667
4	0.600478	0.500000
5	0.600478	0.600000
6	0.600478	0.500000
7	0.600478	0.428571
8	0.600478	0.500000
9	0.600478	0.555556
10	0.600478	0.500000
11	0.600478	0.545455
12	0.600478	0.583333
13	0.600478	0.538462
14	0.600478	0.500000
15	0.600478	0.533333
16	0.600478	0.562500
17	0.600478	0.588235
18	0.600478	0.555556
19	0.600478	0.578947
20	0.600478	0.600000
21	0.600478	0.619048
22	0.600478	0.590909
23	0.600478	0.565217
24	0.600478	0.541667
25	0.600478	0.560000
26	0.600478	0.576923
27	0.600478	0.592593
28	0.600478	0.607143
29	0.600478	0.586207
30	0.600478	0.600000
31	0.600478	0.580645
32	0.600478	0.593750
33	0.600478	0.575758
34	0.600478	0.588235
35	0.600478	0.600000
36	0.600478	0.611111
37	0.600478	0.621622
38	0.600478	0.631579
39	0.600478	0.615385
40	0.600478	0.625000
41	0.600478	0.634146
42	0.600478	0.642857
43	0.600478	0.651163
44	0.600478	0.659091
45	0.600478	0.644444
46	0.600478	0.652174
47	0.600478	0.659574
48	0.600478	0.666667
49	0.600478	0.653061
50	0.600478	0.640000
51	0.600478	0.647059
52	0.600478	0.653846
53	0.600478	0.660377
54	0.600478	0.666667
55	0.600478	0.654545
56	0.600478	0.642857
57	0.600478	0.649123
58	0.600478	0.655172
59	0.600478	0.644068
60	0.600478	0.633333
61	0.600478	0.639344
62	0.600478	0.645161
63	0.600478	0.650794
64	0.600478	0.656250
65	0.600478	0.661538
66	0.600478	0.651515
67	0.600478	0.641791
68	0.600478	0.647059
69	0.600478	0.652174
70	0.600478	0.642857
71	0.600478	0.633803
72	0.600478	0.638889
73	0.600478	0.630137
74	0.600478	0.621622
75	0.600478	0.626667
76	0.600478	0.618421
77	0.600478	0.623377
78	0.600478	0.628205
79	0.600478	0.632911
80	0.600478	0.637500
81	0.600478	0.641975
82	0.600478	0.646341
83	0.600478	0.638554
84	0.600478	0.630952
85	0.600478	0.623529
86	0.600478	0.627907
87	0.600478	0.632184
88	0.600478	0.636364
89	0.600478	0.629214
90	0.600478	0.622222
91	0.600478	0.626374
92	0.600478	0.619565
93	0.600478	0.623656
94	0.600478	0.617021
95	0.600478	0.621053
96	0.600478	0.625000
97	0.600478	0.618557
98	0.600478	0.612245
99	0.600478	0.616162
100	0.600478	0.610000
101	0.600478	0.613861
102	0.600478	0.617647
103	0.600478	0.611650
104	0.600478	0.615385
105	0.600478	0.619048
106	0.600478	0.622642
107	0.600478	0.616822
108	0.600478	0.611111
109	0.600478	0.605505
110	0.600478	0.609091
111	0.600478	0.603604
112	0.600478	0.607143
113	0.600478	0.610619
114	0.600478	0.614035
115	0.600478	0.617391
116	0.600478	0.620690
117	0.600478	0.615385
118	0.600478	0.618644
119	0.600478	0.621849
120	0.600478	0.625000
121	0.600478	0.628099
122	0.600478	0.631148
123	0.600478	0.626016
124	0.600478	0.629032
125	0.600478	0.632000
126	0.600478	0.634921
127	0.600478	0.629921
128	0.600478	0.632812
129	0.600478	0.635659
130	0.600478	0.638462
131	0.600478	0.633588
132	0.600478	0.628788
133	0.600478	0.631579
134	0.600478	0.626866
135	0.600478	0.629630
136	0.600478	0.632353
137	0.600478	0.627737
138	0.600478	0.630435
139	0.600478	0.633094
140	0.600478	0.635714
141	0.600478	0.631206
142	0.600478	0.626761
143	0.600478	0.629371
144	0.600478	0.631944
145	0.600478	0.634483
146	0.600478	0.636986
147	0.600478	0.639456
148	0.600478	0.641892
149	0.600478	0.644295
150	0.600478	0.640000
151	0.600478	0.642384
152	0.600478	0.638158
153	0.600478	0.633987
154	0.600478	0.629870
155	0.600478	0.632258
156	0.600478	0.634615
157	0.600478	0.636943
158	0.600478	0.639241
159	0.600478	0.635220
160	0.600478	0.637500
161	0.600478	0.633540
162	0.600478	0.629630
163	0.600478	0.631902
164	0.600478	0.634146
165	0.600478	0.630303
166	0.600478	0.632530
167	0.600478	0.628743
168	0.600478	0.625000
169	0.600478	0.627219
170	0.600478	0.623529
171	0.600478	0.625731
172	0.600478	0.627907
173	0.600478	0.624277
174	0.600478	0.626437
175	0.600478	0.622857
176	0.600478	0.625000
177	0.600478	0.627119
178	0.600478	0.629214
179	0.600478	0.631285
180	0.600478	0.633333
181	0.600478	0.635359
182	0.600478	0.631868
183	0.600478	0.633880
184	0.600478	0.630435
185	0.600478	0.627027
186	0.600478	0.623656
187	0.600478	0.625668
188	0.600478	0.622340
189	0.600478	0.624339
190	0.600478	0.626316
191	0.600478	0.628272
192	0.600478	0.630208
193	0.600478	0.626943
194	0.600478	0.628866
195	0.600478	0.625641
196	0.600478	0.627551
197	0.600478	0.629442
198	0.600478	0.631313
199	0.600478	0.633166
200	0.600478	0.630000
201	0.600478	0.626866
202	0.600478	0.628713
203	0.600478	0.630542
204	0.600478	0.632353
205	0.600478	0.634146
206	0.600478	0.631068
207	0.600478	0.628019
208	0.600478	0.625000
209	0.600478	0.626794
210	0.600478	0.623810
211	0.600478	0.620853
212	0.600478	0.617925
213	0.600478	0.619718
214	0.600478	0.621495
215	0.600478	0.623256
216	0.600478	0.625000
217	0.600478	0.622120
218	0.600478	0.619266
219	0.600478	0.621005
220	0.600478	0.622727
221	0.600478	0.619910
222	0.600478	0.617117
223	0.600478	0.618834
224	0.600478	0.620536
225	0.600478	0.617778
226	0.600478	0.615044
227	0.600478	0.616740
228	0.600478	0.618421
229	0.600478	0.615721
230	0.600478	0.613043
231	0.600478	0.610390
232	0.600478	0.607759
233	0.600478	0.609442
234	0.600478	0.611111
235	0.600478	0.608511
236	0.600478	0.610169
237	0.600478	0.611814
238	0.600478	0.613445
239	0.600478	0.615063
240	0.600478	0.612500
241	0.600478	0.609959
242	0.600478	0.611570
243	0.600478	0.613169
244	0.600478	0.610656
245	0.600478	0.612245
246	0.600478	0.609756
247	0.600478	0.607287
248	0.600478	0.608871
249	0.600478	0.610442
250	0.600478	0.612000
251	0.600478	0.613546
252	0.600478	0.611111
253	0.600478	0.612648
254	0.600478	0.614173
255	0.600478	0.611765
256	0.600478	0.609375
257	0.600478	0.607004
258	0.600478	0.604651
259	0.600478	0.606178
260	0.600478	0.607692
261	0.600478	0.609195
262	0.600478	0.606870
263	0.600478	0.608365
264	0.600478	0.609848
265	0.600478	0.611321
266	0.600478	0.609023
267	0.600478	0.606742
268	0.600478	0.604478
269	0.600478	0.602230
270	0.600478	0.600000
271	0.600478	0.601476
272	0.600478	0.602941
273	0.600478	0.604396
274	0.600478	0.602190
275	0.600478	0.600000
276	0.600478	0.601449
277	0.600478	0.599278
278	0.600478	0.600719
279	0.600478	0.602151
280	0.600478	0.603571
281	0.600478	0.604982
282	0.600478	0.602837
283	0.600478	0.604240
284	0.600478	0.602113
285	0.600478	0.600000
286	0.600478	0.597902
287	0.600478	0.599303
288	0.600478	0.597222
289	0.600478	0.595156
290	0.600478	0.596552
291	0.600478	0.594502
292	0.600478	0.592466
293	0.600478	0.593857
294	0.600478	0.595238
295	0.600478	0.593220
296	0.600478	0.594595
297	0.600478	0.595960
298	0.600478	0.597315
299	0.600478	0.598662
